Cluster	RA	DEC	l	b	Rsun	ERsun	R_GC	<RV>	ERV	mualpha	Emualpha	mu_delta	Emu_delta	rhopmrade	X	DX	Y	DY	Z	DZ	U	DU	V	DV	W	DW	RPERI	ERPERI	RAPO	ERAPO
	Name	[kpc]	[kpc]	[km/s]	[km/s]	[mas/yr]	[mas/yr]	[kpc]	[kpc]	[kpc]	[kpc]	[kpc]	[kpc]	[km/s]	[km/s]	[km/s]	[km/s]	[km/s]	[km/s]	[kpc]	[kpc]
NGC_104	6.023792	-72.081306	305.895	-44.889	4.52	0.03	7.52	-17.45	0.16	5.252	0.022	-2.552	0.021	-0.01	6.30	0.01	-2.59	0.02	-3.19	0.02	77.52	0.42	170.92	0.39	45.95	0.34	5.48	0.02	7.51	0.00
NGC_288	13.188500	-26.582611	151.285	-89.380	8.99	0.09	12.21	-44.45	0.13	4.164	0.024	-5.705	0.024	0.00	8.26	0.00	0.05	0.00	-8.99	0.09	4.46	1.03	-48.51	1.04	50.29	0.13	1.95	0.10	12.34	0.06
NGC_362	15.809416	-70.848778	301.533	-46.247	8.83	0.10	9.62	223.12	0.28	6.694	0.024	-2.535	0.024	-0.01	4.98	0.03	-5.20	0.06	-6.38	0.07	93.47	0.95	-98.41	0.83	-67.87	0.73	0.73	0.08	11.85	0.16
Whiting_1	30.737499	-3.252778	161.618	-60.636	30.59	1.17	35.15	-130.41	1.79	-0.229	0.065	-2.047	0.056	0.03	22.41	0.54	4.73	0.18	-26.66	1.02	-247.44	8.05	28.41	8.61	-9.02	4.51	35.12	1.24	61.95	5.64
NGC_1261	48.067543	-55.216225	270.539	-52.124	16.40	0.19	18.28	71.34	0.21	1.596	0.025	-2.064	0.025	0.01	8.08	0.00	-10.07	0.12	-12.95	0.15	-78.94	1.93	57.67	1.53	68.70	1.20	1.65	0.08	21.08	0.22
Pal_1	53.333500	79.581055	130.065	19.028	11.18	0.32	17.41	-75.72	0.29	-0.251	0.034	0.004	0.037	0.08	14.98	0.20	8.09	0.23	3.64	0.11	-63.68	1.53	206.32	1.28	-24.96	1.82	14.71	0.29	19.03	0.41
AM_1	58.759586	-49.615276	258.361	-48.471	118.91	3.40	120.27	118.00	14.14	0.314	0.102	-0.179	0.086	-0.23	24.08	0.45	-77.21	2.20	-89.01	2.54	-14.79	49.70	20.61	43.12	49.89	39.42	120.42	3.25	125.68	4.16
Eridanus	66.185608	-21.186781	218.106	-41.332	84.68	2.89	89.76	-23.15	0.73	0.509	0.039	-0.300	0.041	-0.09	58.21	1.71	-39.24	1.34	-55.93	1.91	-53.04	13.22	59.02	14.28	140.36	11.83	89.66	2.59	119.70	3.93
Pal_2	71.524620	31.381500	170.530	-9.072	26.17	1.28	34.19	-135.97	1.55	1.044	0.034	-1.522	0.031	0.05	33.67	1.25	4.25	0.21	-4.13	0.20	-109.25	1.79	4.67	3.95	8.17	4.05	1.18	0.59	38.92	1.34
NGC_1851	78.528160	-40.046555	244.513	-35.036	11.95	0.13	16.69	321.40	1.55	2.145	0.024	-0.650	0.024	-0.01	12.39	0.05	-8.83	0.10	-6.86	0.08	82.54	1.39	-67.97	1.47	-82.87	1.43	0.87	0.05	19.93	0.18
NGC_1904	81.045837	-24.524416	227.230	-29.350	13.08	0.18	19.09	205.76	0.20	2.469	0.025	-1.594	0.025	-0.00	15.92	0.11	-8.37	0.12	-6.41	0.09	43.95	1.26	-17.03	1.20	5.46	1.35	0.37	0.18	19.54	0.15
NGC_2298	102.247543	-36.005306	245.629	-16.006	9.83	0.17	15.07	147.15	0.57	3.320	0.025	-2.175	0.026	0.00	12.08	0.07	-8.61	0.15	-2.71	0.05	-79.52	1.12	34.21	0.76	67.49	1.16	0.97	0.13	16.48	0.19
NGC_2419	114.535286	38.881944	180.370	25.241	88.47	2.40	95.93	-21.10	0.31	0.006	0.028	-0.522	0.026	0.01	88.20	2.17	-0.52	0.01	37.73	1.03	-7.61	4.93	40.37	11.02	-52.53	10.43	96.03	2.59	96.98	2.61
Pyxis	136.986900	-37.226600	261.321	6.992	36.53	0.66	38.61	40.46	0.21	1.030	0.032	0.138	0.035	0.02	13.65	0.10	-35.84	0.64	4.45	0.08	-108.36	5.69	215.05	1.18	159.51	5.71	38.55	0.67	387.27	183.03
NGC_2808	138.012909	-64.863495	282.193	-11.253	10.06	0.11	11.58	103.57	0.27	0.994	0.024	0.274	0.024	-0.00	6.09	0.02	-9.64	0.10	-1.96	0.02	-55.97	1.13	149.24	0.42	30.13	1.12	1.08	0.02	14.60	0.11
E_3	140.237793	-77.281891	292.268	-19.017	7.88	0.25	9.10	11.71	0.34	-2.728	0.027	7.082	0.027	-0.00	5.36	0.09	-6.89	0.22	-2.57	0.08	218.05	0.95	111.48	0.58	97.33	0.96	9.01	0.17	12.09	0.87
Pal_3	151.381622	0.071667	240.140	41.864	94.84	3.23	98.17	94.04	0.80	0.087	0.060	-0.148	0.071	-0.41	43.34	1.20	-61.26	2.09	63.29	2.16	-39.29	26.22	147.70	24.19	62.65	21.63	98.27	3.20	157.10	126.68
NGC_3201	154.403427	-46.412476	277.229	8.640	4.74	0.04	8.93	493.65	0.21	8.347	0.022	-1.957	0.022	-0.00	7.59	0.01	-4.65	0.04	0.71	0.01	-249.70	0.49	-199.08	0.23	149.15	0.49	8.35	0.02	25.50	0.33
Pal_4	172.318329	28.973373	202.311	71.801	101.39	2.57	104.05	72.40	0.24	-0.188	0.042	-0.476	0.041	-0.14	37.47	0.74	-12.02	0.30	96.32	2.44	-1.22	19.10	-0.43	19.69	48.92	6.26	104.27	2.52	500.00	0.00
Crater	174.068750	-10.876972	274.809	47.848	147.23	4.27	147.00	148.10	0.65	-0.060	0.125	-0.116	0.115	-0.23	-0.11	0.24	-98.46	2.86	109.15	3.17	-21.58	85.25	85.52	61.37	55.83	54.97	146.87	4.30	239.49	154.47
NGC_4147	182.526260	18.542639	252.848	77.189	18.54	0.21	20.74	179.35	0.31	-1.707	0.027	-2.090	0.027	-0.03	9.39	0.01	-3.93	0.05	18.07	0.21	41.49	2.41	-13.40	2.35	129.93	0.61	1.80	0.12	25.29	0.28
NGC_4372	186.439101	-72.659084	300.993	-9.884	5.71	0.21	7.22	75.59	0.30	-6.409	0.024	3.297	0.024	-0.00	5.28	0.11	-4.82	0.18	-0.98	0.04	100.01	0.58	84.35	0.43	64.53	0.64	2.88	0.10	7.26	0.03
Rup_106	189.667500	-51.150278	300.888	11.671	20.71	0.36	18.04	-38.36	0.26	-1.253	0.026	0.401	0.026	0.02	-2.23	0.18	-17.41	0.30	4.19	0.07	118.77	2.24	226.13	1.42	31.90	2.52	4.64	0.19	34.74	0.82
NGC_4590	189.866577	-26.744057	299.626	36.051	10.40	0.10	10.35	-93.11	0.18	-2.739	0.024	1.779	0.024	-0.01	4.02	0.04	-7.31	0.07	6.12	0.06	170.96	1.09	289.35	0.87	16.99	0.97	8.89	0.06	29.49	0.42
BH_140	193.472915	-67.177276	303.171	-4.307	4.81	0.25	6.86	90.30	0.35	-14.848	0.025	1.224	0.025	0.02	5.55	0.13	-4.01	0.21	-0.36	0.02	221.40	0.51	-10.10	0.42	31.52	0.56	2.01	0.11	9.95	0.56
NGC_4833	194.891342	-70.876503	303.604	-8.015	6.48	0.08	7.13	201.99	0.40	-8.377	0.025	-0.965	0.025	0.01	4.63	0.05	-5.34	0.07	-0.90	0.01	94.87	0.67	-54.74	0.54	-42.12	0.76	0.85	0.03	7.61	0.09
NGC_5024	198.230209	18.168165	332.963	79.764	18.50	0.18	19.00	-63.37	0.25	-0.133	0.024	-1.331	0.024	-0.02	5.25	0.03	-1.49	0.01	18.20	0.18	-57.06	2.06	155.78	2.10	-72.45	0.45	9.28	0.17	22.66	0.22
NGC_5053	199.112885	17.700251	335.699	78.946	17.54	0.23	18.01	42.82	0.25	-0.329	0.025	-1.213	0.025	-0.02	5.11	0.04	-1.38	0.02	17.21	0.23	-53.35	2.07	151.30	2.10	35.24	0.47	10.89	0.22	17.88	0.22
NGC_5139	201.696991	-47.479473	309.102	14.968	5.43	0.05	6.50	232.78	0.21	-3.250	0.022	-6.746	0.022	0.01	4.87	0.03	-4.07	0.04	1.40	0.01	-95.72	0.46	-22.01	0.40	-87.15	0.53	1.48	0.04	6.95	0.03
NGC_5272	205.548416	28.377277	42.217	78.707	10.18	0.08	12.09	-147.20	0.27	-0.152	0.022	-2.670	0.022	0.01	6.70	0.01	1.34	0.01	9.97	0.08	-64.97	1.07	128.29	1.07	-134.19	0.34	5.29	0.05	15.78	0.11
NGC_5286	206.611710	-51.374249	311.614	10.568	11.10	0.14	8.46	62.38	0.40	0.198	0.026	-0.153	0.025	0.01	0.93	0.09	-8.16	0.11	2.03	0.03	-59.37	1.06	210.62	0.97	8.76	1.30	0.95	0.05	12.83	0.18
AM_4	209.089066	-27.165171	320.283	33.510	29.01	0.94	24.58	151.19	2.85	-0.290	0.413	-2.494	0.352	-0.40	-10.43	0.60	-15.46	0.50	16.02	0.52	-152.33	43.23	-47.57	45.35	-172.30	40.95	25.17	0.75	102.17	156.33
NGC_5466	211.363709	28.534445	42.150	73.592	16.12	0.16	16.48	106.82	0.20	-5.343	0.025	-0.823	0.024	0.01	4.80	0.03	3.05	0.03	15.45	0.15	217.45	1.83	-34.37	1.82	225.14	0.56	6.13	0.23	47.55	1.41
NGC_5634	217.405335	-5.976430	342.210	49.260	25.96	0.62	21.84	-16.07	0.60	-1.692	0.027	-1.478	0.026	0.00	-7.95	0.39	-5.18	0.12	19.67	0.47	59.77	2.62	-13.45	3.20	-25.76	2.18	3.11	0.30	22.19	0.60
NGC_5694	219.901245	-26.538776	331.056	30.360	34.84	0.74	29.16	-139.55	0.49	-0.463	0.030	-1.103	0.029	-0.06	-18.13	0.56	-14.55	0.31	17.61	0.37	112.98	3.21	146.07	4.40	-171.20	4.18	29.27	0.79	59.74	1.69
IC_4499	225.077188	-82.213792	307.354	-20.473	18.89	0.25	15.75	38.41	0.31	0.466	0.025	-0.489	0.025	0.00	-2.56	0.14	-14.07	0.19	-6.61	0.09	-31.42	1.89	248.39	1.53	-61.34	2.13	6.74	0.22	28.78	0.61
NGC_5824	225.994156	-33.068138	332.555	22.071	31.71	0.60	25.42	-25.24	0.52	-1.190	0.026	-2.233	0.026	-0.01	-17.90	0.49	-13.55	0.26	11.92	0.23	97.09	2.27	-61.75	3.52	-180.05	3.61	13.78	1.08	34.78	1.43
Pal_5	229.019167	-0.121000	0.839	45.856	21.94	0.51	17.27	-58.61	0.15	-2.730	0.028	-2.654	0.027	-0.00	-7.10	0.36	0.22	0.01	15.74	0.37	47.46	2.06	-143.34	2.86	-11.98	2.00	8.73	0.00	17.55	0.00
NGC_5897	229.351659	-21.010122	342.946	30.294	12.55	0.24	7.41	101.31	0.22	-5.421	0.025	-3.392	0.025	-0.00	-2.18	0.19	-3.18	0.06	6.33	0.12	34.73	0.87	-129.64	1.45	91.38	1.30	2.49	0.24	8.87	0.32
NGC_5904	229.638412	2.081028	3.859	46.796	7.48	0.06	6.27	53.50	0.25	4.085	0.023	-9.869	0.023	0.00	3.07	0.04	0.34	0.00	5.45	0.05	-301.71	0.62	89.94	0.81	-181.41	0.58	3.25	0.03	23.50	0.57
NGC_5927	232.002869	-50.673031	326.604	4.860	8.27	0.11	4.77	-104.09	0.28	-5.056	0.025	-3.216	0.025	-0.00	1.30	0.09	-4.54	0.06	0.70	0.01	205.27	0.59	113.65	0.83	6.02	0.97	4.03	0.02	5.46	0.07
NGC_5946	233.869051	-50.659713	327.583	4.191	9.64	0.51	5.20	137.60	0.94	-5.330	0.028	-1.658	0.028	-0.00	0.06	0.43	-5.16	0.27	0.70	0.04	7.74	1.05	-22.34	1.18	98.33	1.26	0.50	0.16	5.12	0.38
NGC_5986	236.512497	-37.786415	337.022	13.268	10.54	0.13	4.85	101.18	0.43	-4.194	0.026	-4.566	0.026	-0.01	-1.27	0.12	-4.00	0.05	2.42	0.03	8.45	0.69	-72.43	1.20	-13.05	1.26	0.53	0.08	5.03	0.08
FSR_1716	242.625000	-53.748889	329.778	-1.593	7.43	0.27	4.14	-30.70	0.98	-4.353	0.033	-8.832	0.031	-0.01	1.76	0.23	-3.74	0.13	-0.21	0.01	181.45	1.02	-10.50	1.09	-115.82	1.14	2.36	0.10	4.88	0.12
Pal_14	242.752500	14.957778	28.746	42.192	73.58	1.63	68.55	72.30	0.14	-0.463	0.038	-0.413	0.038	0.12	-39.62	1.06	26.22	0.58	49.42	1.09	-98.49	10.10	76.52	12.42	123.61	9.88	9.69	0.00	500.00	0.00
Lynga_7	242.765213	-55.317776	328.769	-2.797	7.90	0.16	4.35	17.86	0.83	-3.851	0.027	-7.050	0.027	0.02	1.43	0.14	-4.09	0.08	-0.39	0.01	125.62	0.89	1.30	0.97	-88.38	1.03	1.78	0.06	4.36	0.07
NGC_6093	244.260040	-22.976084	352.673	19.463	10.34	0.12	3.95	10.93	0.39	-2.934	0.027	-5.578	0.026	-0.02	-1.17	0.11	-1.20	0.01	3.33	0.04	-9.55	0.58	-38.93	1.25	-60.68	1.19	0.66	0.08	3.88	0.06
NGC_6121	245.896744	-26.525749	350.973	15.972	1.85	0.02	6.45	71.21	0.15	-12.514	0.023	-19.021	0.023	-0.00	6.42	0.02	-0.28	0.00	0.51	0.00	-56.20	0.16	45.25	0.20	-3.05	0.20	0.62	0.07	6.51	0.12
NGC_6101	246.450485	-72.202194	317.746	-15.825	14.45	0.19	10.36	366.33	0.32	1.756	0.025	-0.258	0.025	0.00	-2.11	0.13	-9.35	0.12	-3.94	0.05	-296.69	1.20	83.55	1.30	-190.14	1.62	10.19	0.13	35.67	1.19
NGC_6144	246.807770	-26.023500	351.929	15.701	8.15	0.13	2.50	194.79	0.58	-1.744	0.026	-2.607	0.026	-0.01	0.41	0.12	-1.10	0.02	2.21	0.03	-184.34	0.63	106.41	1.00	44.03	0.99	1.90	0.11	3.12	0.05
NGC_6139	246.918466	-38.848782	342.366	6.939	10.04	0.45	3.51	24.41	0.95	-6.082	0.027	-2.711	0.026	0.00	-1.32	0.43	-3.02	0.14	1.21	0.05	68.42	0.98	-29.53	1.23	130.64	1.25	1.35	0.26	3.62	0.33
Ter_3	247.162483	-35.339829	345.084	9.199	7.64	0.31	2.46	-135.76	0.57	-5.576	0.027	-1.759	0.026	0.01	0.89	0.30	-1.94	0.08	1.22	0.05	181.99	0.62	112.94	0.93	88.73	0.95	2.38	0.06	2.88	0.08
NGC_6171	248.132752	-13.053778	3.373	23.011	5.63	0.08	3.74	-34.71	0.18	-1.939	0.025	-5.980	0.025	0.00	3.00	0.07	0.30	0.00	2.20	0.03	-10.28	0.31	93.65	0.67	-57.64	0.62	1.21	0.04	3.83	0.03
ESO_452-SC11	249.854167	-28.399167	351.909	12.098	7.39	0.20	2.12	16.37	0.44	-1.422	0.031	-6.472	0.030	-0.05	1.03	0.19	-1.02	0.03	1.55	0.04	-20.56	0.51	43.61	1.07	-95.33	1.06	0.35	0.11	2.37	0.14
NGC_6205	250.421814	36.459862	59.007	40.913	7.42	0.08	8.64	-244.90	0.30	-3.150	0.023	-2.573	0.023	-0.01	5.29	0.03	4.81	0.05	4.86	0.05	30.42	0.76	-15.23	0.64	-77.45	0.63	1.51	0.02	8.72	0.05
NGC_6229	251.745249	47.527796	73.639	40.306	30.11	0.47	29.45	-137.89	0.71	-1.170	0.026	-0.466	0.027	0.01	1.71	0.10	22.03	0.34	19.47	0.30	-7.79	3.74	29.28	2.63	47.39	2.90	1.58	0.27	30.37	0.44
NGC_6218	251.809067	-1.948528	15.715	26.313	5.11	0.05	4.57	-41.67	0.14	-0.191	0.024	-6.803	0.024	0.01	3.77	0.04	1.24	0.01	2.26	0.02	-49.05	0.32	114.81	0.57	-85.35	0.53	2.16	0.03	4.71	0.01
FSR_1735	253.044174	-47.058056	339.188	-1.853	9.08	0.53	3.25	-69.85	4.88	-4.440	0.054	-1.531	0.048	-0.06	-0.31	0.49	-3.23	0.19	-0.29	0.02	112.17	4.60	114.78	2.66	115.30	2.23	1.14	0.14	4.09	0.38
NGC_6235	253.355676	-22.177447	358.918	13.518	11.94	0.38	4.42	126.68	0.33	-3.931	0.027	-7.587	0.026	0.00	-3.43	0.37	-0.22	0.01	2.79	0.09	-144.48	0.48	-226.85	1.51	-43.14	1.48	3.50	0.39	7.48	1.13
NGC_6254	254.287720	-4.100306	15.137	23.076	5.07	0.06	4.35	74.21	0.23	-4.758	0.024	-6.597	0.024	-0.01	3.68	0.06	1.22	0.02	1.99	0.03	-122.78	0.33	80.53	0.56	48.78	0.53	1.91	0.02	4.59	0.04
NGC_6256	254.886107	-37.120968	347.792	3.307	7.24	0.29	1.94	-99.75	0.66	-3.714	0.031	-1.636	0.030	0.00	1.11	0.29	-1.53	0.06	0.42	0.02	115.92	0.68	154.03	1.04	67.15	1.05	1.39	0.26	2.19	0.04
Pal_15	254.962600	-0.539000	18.849	24.337	44.10	1.14	37.28	72.27	1.74	-0.593	0.037	-0.901	0.034	0.03	-29.85	0.98	12.98	0.33	18.17	0.47	-141.52	3.94	58.87	7.02	47.84	6.86	2.00	0.60	49.76	1.61
NGC_6266	255.304153	-30.113390	353.575	7.318	6.41	0.10	2.15	-73.98	0.67	-4.977	0.026	-2.950	0.026	0.00	1.86	0.10	-0.71	0.01	0.82	0.01	88.41	0.67	99.41	0.80	63.29	0.80	0.86	0.06	2.42	0.06
NGC_6273	255.657486	-26.267971	356.869	9.382	8.34	0.16	1.43	145.54	0.59	-3.249	0.025	1.661	0.026	0.00	-0.04	0.16	-0.45	0.01	1.36	0.03	-130.01	0.60	221.71	1.01	171.37	1.00	1.21	0.04	3.28	0.10
NGC_6284	256.120114	-24.764799	358.347	9.939	14.21	0.42	6.32	28.62	0.73	-3.201	0.029	-2.002	0.028	0.02	-5.81	0.41	-0.40	0.01	2.45	0.07	-16.20	0.79	15.85	1.89	105.09	1.89	1.02	0.06	6.44	0.42
NGC_6287	256.288904	-22.708005	0.132	11.023	7.93	0.37	1.57	-294.74	1.65	-5.012	0.029	-1.883	0.028	0.00	0.40	0.36	0.02	0.00	1.52	0.07	299.11	1.63	83.89	1.07	60.19	1.11	0.90	0.06	4.16	0.13
NGC_6293	257.542500	-26.582083	357.620	7.834	9.19	0.28	1.60	-143.66	0.39	0.871	0.028	-4.325	0.028	-0.01	-0.92	0.28	-0.38	0.01	1.25	0.04	117.36	0.43	126.54	1.22	-151.80	1.21	0.46	0.13	2.75	0.36
NGC_6304	258.634399	-29.462028	355.826	5.376	6.15	0.15	2.19	-108.62	0.39	-4.069	0.029	-1.089	0.028	-0.01	2.07	0.15	-0.45	0.01	0.58	0.01	110.96	0.40	166.28	0.83	75.08	0.83	1.55	0.11	2.69	0.12
NGC_6316	259.155417	-28.140111	357.175	5.764	11.15	0.39	3.16	99.65	0.84	-4.969	0.031	-4.593	0.030	0.01	-2.90	0.38	-0.55	0.02	1.12	0.04	-85.29	0.85	-101.47	1.60	92.72	1.61	0.90	0.20	3.92	0.46
NGC_6341	259.280762	43.135944	68.338	34.859	8.50	0.07	9.85	-120.55	0.27	-4.935	0.024	-0.625	0.024	-0.01	5.61	0.02	6.48	0.05	4.85	0.04	23.14	0.92	39.65	0.66	98.14	0.81	1.24	0.03	10.61	0.06
NGC_6325	259.496327	-23.767677	0.971	8.003	7.53	0.32	1.28	29.54	0.58	-8.290	0.030	-9.000	0.029	0.02	0.72	0.32	0.13	0.01	1.05	0.04	-38.96	0.59	-179.79	1.05	73.40	1.05	1.04	0.03	1.31	0.13
NGC_6333	259.799086	-18.516257	5.544	10.705	8.30	0.14	1.73	310.75	2.12	-2.181	0.026	-3.223	0.025	-0.00	0.06	0.14	0.79	0.01	1.54	0.03	-329.54	2.08	129.33	1.03	66.37	1.09	1.21	0.02	6.15	0.12
NGC_6342	260.291573	-19.587659	4.898	9.725	8.01	0.23	1.54	115.75	0.90	-2.903	0.027	-7.117	0.027	-0.00	0.31	0.23	0.67	0.02	1.35	0.04	-158.86	0.90	-22.44	1.03	-29.65	1.03	0.83	0.09	1.67	0.05
NGC_6356	260.895804	-17.813027	6.724	10.220	15.66	0.92	7.86	48.18	1.82	-3.749	0.026	-3.392	0.026	0.01	-7.12	0.90	1.80	0.11	2.78	0.16	-83.69	1.81	-104.41	1.93	110.56	1.93	3.54	0.94	8.97	1.03
NGC_6355	260.993533	-26.352827	359.585	5.429	8.65	0.22	0.93	-195.85	0.55	-4.739	0.031	-0.573	0.030	0.02	-0.44	0.22	-0.06	0.00	0.82	0.02	198.81	0.56	125.71	1.23	136.25	1.25	0.79	0.07	1.48	0.25
NGC_6352	261.371277	-48.422169	341.421	-7.166	5.54	0.07	3.51	-125.63	1.01	-2.157	0.025	-4.447	0.025	0.01	2.96	0.07	-1.75	0.02	-0.69	0.01	150.09	0.97	170.58	0.70	6.01	0.67	3.08	0.02	3.94	0.07
IC_1257	261.785431	-7.093056	16.528	15.145	26.59	1.43	19.27	-137.97	2.04	-1.008	0.040	-1.492	0.032	0.09	-16.43	1.32	7.30	0.39	6.95	0.37	55.50	2.45	-3.79	4.28	-15.86	4.68	1.04	0.24	20.09	1.36
Ter_2	261.887917	-30.802333	356.319	2.298	7.75	0.33	0.74	134.56	0.96	-2.171	0.041	-6.261	0.038	0.03	0.45	0.32	-0.50	0.02	0.31	0.01	-132.60	0.97	8.25	1.44	-48.71	1.48	0.16	0.03	0.89	0.23
NGC_6366	261.934357	-5.079861	18.409	16.036	3.44	0.05	5.23	-120.65	0.19	-0.331	0.025	-5.160	0.024	0.01	5.04	0.05	1.05	0.02	0.95	0.01	65.20	0.24	147.19	0.38	-62.21	0.39	2.24	0.04	5.70	0.04
Ter_4	262.662506	-31.595528	356.024	1.308	7.59	0.31	0.82	-48.96	1.57	-5.452	0.061	-3.709	0.048	0.18	0.61	0.31	-0.53	0.02	0.17	0.01	55.00	1.57	37.00	1.90	96.68	2.09	0.20	0.05	0.86	0.21
HP_1	262.771667	-29.981667	357.425	2.115	7.00	0.14	1.26	39.76	1.22	2.522	0.039	-10.093	0.037	0.03	1.19	0.14	-0.31	0.01	0.26	0.01	-49.62	1.21	16.17	1.24	-244.51	1.26	0.74	0.13	1.69	0.11
FSR_1758	262.800000	-39.808000	349.217	-3.292	11.09	0.74	3.46	227.31	0.59	-2.881	0.026	2.519	0.026	-0.00	-2.69	0.72	-2.07	0.14	-0.64	0.04	-250.51	0.63	235.22	1.35	193.01	1.36	3.63	0.62	13.27	3.43
NGC_6362	262.979096	-67.048332	325.555	-17.570	7.65	0.07	5.20	-14.58	0.18	-5.505	0.024	-4.763	0.024	0.00	2.16	0.05	-4.12	0.04	-2.31	0.02	117.14	0.56	40.44	0.74	99.89	0.83	2.65	0.03	5.24	0.02
Lil_1	263.352333	-33.389556	354.840	-0.161	8.06	0.34	0.74	60.36	2.44	-5.378	0.108	-7.436	0.080	0.38	0.15	0.34	-0.72	0.03	-0.02	0.00	-39.77	2.46	-102.03	3.39	24.82	3.85	0.09	0.05	0.86	0.09
NGC_6380	263.618611	-39.069530	350.182	-3.422	9.61	0.30	2.15	-1.48	0.73	-2.182	0.032	-3.233	0.030	0.01	-1.27	0.30	-1.64	0.05	-0.57	0.02	20.39	0.76	77.47	1.37	11.51	1.41	0.28	0.06	2.12	0.25
Ter_1	263.946667	-30.481778	357.558	0.991	5.67	0.17	2.52	56.75	1.61	-2.804	0.057	-4.864	0.057	-0.02	2.51	0.17	-0.24	0.01	0.10	0.00	-61.48	1.60	99.13	1.53	1.19	1.53	0.59	0.10	2.69	0.20
Ton_2	264.039293	-38.540925	350.805	-3.414	6.99	0.34	1.76	-184.72	1.12	-5.904	0.030	-0.755	0.029	0.05	1.29	0.33	-1.11	0.05	-0.42	0.02	182.15	1.12	155.86	0.98	169.61	1.00	1.82	0.14	3.05	0.31
NGC_6388	264.071777	-44.735500	345.556	-6.738	11.17	0.16	3.99	83.11	0.45	-1.317	0.027	-2.708	0.026	-0.00	-2.57	0.16	-2.77	0.04	-1.31	0.02	-49.57	0.57	78.57	1.34	-19.14	1.39	1.15	0.03	4.06	0.12
NGC_6402	264.400651	-3.245916	21.324	14.804	9.14	0.25	3.97	-60.71	0.45	-3.590	0.026	-5.059	0.025	0.00	-0.06	0.23	3.21	0.09	2.34	0.06	-46.73	0.63	-20.82	1.05	19.78	1.09	0.56	0.08	4.28	0.13
NGC_6401	264.652191	-23.909605	3.450	3.980	8.06	0.24	0.75	-105.44	2.50	-2.747	0.035	1.445	0.034	0.02	0.15	0.23	0.48	0.01	0.56	0.02	101.56	2.52	236.51	1.31	117.98	1.35	0.30	0.10	1.54	0.13
NGC_6397	265.175385	-53.674335	338.165	-11.960	2.48	0.02	6.01	18.51	0.08	3.260	0.022	-17.664	0.023	0.00	5.92	0.02	-0.91	0.01	-0.52	0.00	58.52	0.13	106.26	0.25	-130.84	0.26	2.60	0.02	6.30	0.01
Pal_6	265.925812	-26.224995	2.090	1.779	7.05	0.45	1.19	177.00	1.35	-9.221	0.040	-5.345	0.037	0.04	1.29	0.49	0.25	0.02	0.21	0.02	-193.96	1.35	-48.22	1.23	178.00	1.28	0.30	0.09	2.32	0.76
NGC_6426	266.227960	3.170142	28.087	16.234	20.71	0.35	14.45	-210.51	0.51	-1.827	0.026	-2.999	0.026	0.02	-9.36	0.30	9.36	0.16	5.79	0.10	11.23	1.42	-149.50	2.30	-28.49	2.48	3.67	0.39	16.97	0.54
Djor_1	266.869583	-33.066389	356.675	-2.484	9.88	0.65	1.82	-359.18	1.64	-4.690	0.048	-8.465	0.041	-0.02	-1.68	0.65	-0.57	0.04	-0.43	0.03	374.13	1.63	-179.04	2.03	6.21	2.17	1.19	0.31	9.25	3.65
Ter_5	267.020200	-24.779055	3.839	1.687	6.62	0.15	1.65	-82.57	0.73	-1.996	0.069	-5.243	0.066	0.07	1.58	0.15	0.44	0.01	0.19	0.00	58.73	0.74	73.99	2.09	-26.42	2.15	0.24	0.04	1.65	0.15
NGC_6440	267.220167	-20.360417	7.729	3.801	8.25	0.24	1.23	-69.39	0.93	-1.186	0.036	-4.020	0.035	0.01	0.03	0.26	1.11	0.04	0.55	0.02	33.50	0.94	86.07	1.36	-37.89	1.40	0.21	0.07	1.27	0.07
NGC_6441	267.554413	-37.051445	353.532	-5.006	12.73	0.16	4.78	18.47	0.56	-2.551	0.028	-5.348	0.028	0.02	-4.42	0.16	-1.43	0.02	-1.11	0.01	13.44	0.60	-103.46	1.70	-25.32	1.68	1.59	0.14	4.71	0.17
Ter_6	267.693250	-31.275389	358.571	-2.162	7.27	0.35	0.97	136.45	1.50	-4.980	0.048	-7.433	0.038	0.14	0.91	0.35	-0.18	0.01	-0.27	0.01	-140.36	1.50	-59.04	1.42	18.73	1.57	0.20	0.03	1.14	0.36
NGC_6453	267.715508	-34.598477	355.718	-3.872	10.07	0.22	2.10	-99.23	1.24	0.203	0.036	-5.934	0.037	-0.03	-1.84	0.22	-0.75	0.02	-0.68	0.01	115.73	1.24	22.09	1.75	-138.10	1.74	0.47	0.13	2.56	0.19
UKS_1	268.613312	-24.145277	5.125	0.764	15.58	0.56	7.47	59.38	2.63	-2.032	0.105	-2.759	0.066	-0.04	-7.34	0.56	1.39	0.05	0.21	0.01	-92.38	2.67	6.79	5.73	34.45	7.14	0.40	0.13	7.82	0.72
VVV-CL001	268.677083	-24.014722	5.267	0.780	8.08	1.48	0.76	-327.28	0.90	-3.471	0.143	-1.640	0.108	0.24	0.13	1.48	0.74	0.14	0.11	0.02	304.75	0.98	101.18	4.45	85.81	5.16	0.75	0.33	3.62	1.78
NGC_6496	269.765350	-44.265945	348.027	-10.014	9.64	0.15	2.81	-134.72	0.26	-3.061	0.027	-9.271	0.026	0.01	-1.11	0.15	-1.97	0.03	-1.68	0.03	223.08	0.41	-147.22	1.17	-46.05	1.19	2.63	0.12	4.62	0.29
Ter_9	270.411667	-26.839722	3.603	-1.989	5.77	0.34	2.46	68.49	0.56	-2.128	0.052	-7.764	0.048	0.04	2.42	0.34	0.36	0.02	-0.20	0.01	-90.95	0.57	43.40	1.34	-49.35	1.41	0.36	0.08	2.52	0.42
Djor_2	270.454378	-27.825819	2.763	-2.508	8.76	0.18	0.80	-149.75	1.10	0.670	0.036	-2.986	0.033	0.02	-0.57	0.18	0.42	0.01	-0.38	0.01	137.52	1.10	150.73	1.40	-71.50	1.47	0.62	0.15	0.84	0.12
NGC_6517	270.460750	-8.958778	19.225	6.762	9.23	0.56	3.24	-35.06	1.65	-1.552	0.029	-4.471	0.028	0.03	-0.47	0.52	3.02	0.18	1.09	0.07	-49.31	1.60	49.51	1.30	-31.76	1.26	0.42	0.05	3.39	0.24
Ter_10	270.740833	-26.066944	4.421	-1.864	10.21	0.40	2.17	211.37	2.27	-6.819	0.058	-2.584	0.052	0.09	-2.00	0.40	0.79	0.03	-0.33	0.01	-249.97	2.26	-1.43	2.59	226.09	2.77	1.03	0.23	5.44	0.93
NGC_6522	270.891977	-30.033974	1.025	-3.926	7.29	0.21	1.04	-15.23	0.49	2.562	0.038	-6.435	0.035	-0.01	0.90	0.21	0.13	0.00	-0.50	0.01	14.12	0.50	100.81	1.25	-177.24	1.30	0.45	0.12	1.31	0.14
NGC_6535	270.960449	-0.297639	27.176	10.436	6.36	0.12	4.04	-214.85	0.46	-4.214	0.027	-2.938	0.027	0.02	2.61	0.11	2.86	0.06	1.15	0.02	125.55	0.56	27.46	0.75	38.54	0.80	0.96	0.05	4.52	0.05
NGC_6528	271.206697	-30.055778	1.139	-4.174	7.83	0.24	0.70	211.86	0.43	-2.159	0.040	-5.651	0.039	-0.04	0.37	0.24	0.16	0.00	-0.57	0.02	-224.45	0.45	34.20	1.46	-39.99	1.49	0.43	0.08	0.92	0.29
NGC_6539	271.207276	-7.585858	20.795	6.776	8.16	0.39	3.09	35.19	0.50	-6.896	0.026	-3.537	0.026	0.02	0.60	0.36	2.88	0.14	0.96	0.05	-113.23	0.60	25.68	0.97	178.93	1.02	2.13	0.15	3.42	0.16
NGC_6540	271.535657	-27.765286	3.285	-3.313	5.91	0.27	2.34	-16.50	0.78	-3.701	0.034	-2.795	0.034	-0.04	2.29	0.27	0.34	0.02	-0.34	0.02	-4.50	0.78	132.87	0.95	60.71	0.95	1.07	0.16	2.33	0.27
NGC_6544	271.833833	-24.998222	5.837	-2.202	2.58	0.06	5.62	-38.46	0.67	-2.303	0.031	-18.604	0.030	0.01	5.61	0.06	0.26	0.01	-0.10	0.00	8.78	0.67	36.34	0.38	-77.13	0.38	0.55	0.06	5.53	0.12
NGC_6541	272.009827	-43.714889	349.286	-11.188	7.61	0.10	2.19	-163.97	0.46	0.288	0.025	-8.847	0.025	-0.03	0.84	0.10	-1.39	0.02	-1.48	0.02	228.32	0.50	12.94	0.88	-112.14	0.88	1.55	0.04	3.59	0.02
2MASS-GC01	272.090851	-19.829723	10.471	0.100	3.37	0.62	4.90	-31.28	0.50	-1.121	0.296	-1.881	0.235	0.28	4.86	0.61	0.61	0.11	0.01	0.00	13.30	0.87	212.15	3.92	8.27	4.50	3.67	0.59	5.11	0.55
ESO_280-SC06	272.275000	-46.423333	346.899	-12.571	20.95	0.65	13.41	93.20	0.34	-0.689	0.039	-2.777	0.033	0.09	-11.73	0.61	-4.63	0.14	-4.56	0.14	-23.87	1.08	-35.64	3.35	-72.54	3.68	1.58	0.33	13.91	0.65
NGC_6553	272.315322	-25.907750	5.250	-3.023	5.43	0.14	2.83	-0.27	0.34	0.347	0.029	-0.454	0.029	-0.00	2.78	0.14	0.50	0.01	-0.29	0.01	-10.67	0.35	246.24	0.76	-6.18	0.76	2.70	0.15	3.51	0.12
2MASS-GC02	272.402100	-20.778889	9.782	-0.615	5.50	0.44	2.91	-237.75	10.10	-1.457	0.064	-3.100	0.052	0.52	2.76	0.43	0.93	0.07	-0.06	0.00	208.09	9.86	123.95	2.21	3.95	1.59	0.37	0.11	4.78	0.78
NGC_6558	272.573974	-31.764508	0.199	-6.023	7.47	0.29	1.08	-195.12	0.73	-1.721	0.036	-4.145	0.034	0.05	0.75	0.29	0.03	0.00	-0.78	0.03	184.06	0.74	93.35	1.22	11.89	1.26	0.51	0.04	1.41	0.33
IC_1276	272.684441	-7.207595	21.832	5.668	4.55	0.25	4.34	155.06	0.69	-2.554	0.026	-4.569	0.026	-0.01	3.97	0.23	1.69	0.09	0.45	0.02	-196.19	0.67	204.69	0.58	24.29	0.56	3.69	0.09	6.91	0.41
Ter_12	273.065833	-22.741944	8.358	-2.101	5.17	0.38	3.17	95.61	1.21	-6.221	0.037	-3.052	0.034	0.13	3.07	0.38	0.75	0.06	-0.19	0.01	-129.33	1.20	129.50	0.85	101.57	0.88	1.81	0.20	3.74	0.41
NGC_6569	273.411667	-31.826889	0.481	-6.681	10.53	0.26	2.59	-49.83	0.50	-4.125	0.028	-7.354	0.028	0.02	-2.28	0.26	0.09	0.00	-1.23	0.03	33.65	0.52	-169.06	1.40	23.32	1.38	1.70	0.32	2.71	0.27
BH_261	273.527500	-28.635000	3.362	-5.270	6.12	0.26	2.20	-58.00	3.20	3.563	0.043	-3.591	0.038	0.08	2.10	0.26	0.36	0.02	-0.56	0.02	56.88	3.18	205.04	1.14	-127.00	1.26	1.46	0.22	3.28	0.27
NGC_6584	274.656647	-52.215778	342.143	-16.414	13.61	0.17	6.99	260.64	1.58	-0.090	0.026	-7.203	0.026	-0.00	-4.25	0.16	-4.00	0.05	-3.85	0.05	-69.45	1.60	-217.37	1.64	-237.77	1.64	2.24	0.22	19.72	1.06
Mercer_5	275.832500	-13.668611	17.594	-0.112	5.50	0.50	3.37	185.50	3.75	-3.960	0.115	-7.238	0.112	0.31	2.94	0.48	1.66	0.15	-0.01	0.00	-252.94	3.69	103.28	3.03	9.61	3.02	6.29	0.03	25.35	0.72
NGC_6624	275.918793	-30.361029	2.788	-7.913	8.02	0.11	1.20	54.79	0.40	0.124	0.029	-6.936	0.029	-0.00	0.24	0.11	0.39	0.01	-1.10	0.01	-59.67	0.43	21.27	1.09	-122.52	1.09	0.32	0.02	1.36	0.02
NGC_6626	276.137039	-24.869847	7.798	-5.581	5.37	0.10	3.02	11.11	0.60	-0.277	0.028	-8.919	0.028	-0.02	2.84	0.10	0.73	0.01	-0.53	0.01	-40.56	0.60	47.63	0.72	-92.36	0.73	0.61	0.05	2.93	0.11
NGC_6638	277.733734	-25.497473	7.896	-7.153	9.78	0.34	2.30	8.63	2.00	-2.518	0.029	-4.075	0.029	0.02	-1.43	0.33	1.33	0.05	-1.22	0.04	-52.36	1.98	34.71	1.34	25.43	1.34	0.29	0.09	2.35	0.28
NGC_6637	277.846252	-32.348084	1.723	-10.269	8.90	0.10	1.71	47.48	1.00	-5.033	0.028	-5.832	0.028	0.04	-0.58	0.10	0.26	0.00	-1.59	0.02	-82.31	1.01	-59.60	1.17	82.03	1.15	0.42	0.09	2.01	0.08
NGC_6642	277.975957	-23.475602	9.815	-6.439	8.05	0.20	1.66	-60.61	1.35	-0.172	0.030	-3.892	0.030	0.01	0.30	0.20	1.36	0.03	-0.90	0.02	31.91	1.35	107.30	1.15	-46.71	1.16	0.28	0.08	1.82	0.09
NGC_6652	278.940125	-32.990723	1.534	-11.377	9.46	0.14	2.18	-95.37	0.86	-5.484	0.027	-4.274	0.027	0.01	-1.10	0.14	0.25	0.00	-1.87	0.03	47.01	0.88	-27.39	1.20	164.85	1.20	0.32	0.06	3.11	0.15
NGC_6656	279.099762	-23.904749	9.892	-7.552	3.30	0.04	5.00	-148.72	0.78	9.851	0.023	-5.618	0.023	0.01	4.95	0.04	0.56	0.01	-0.43	0.00	155.33	0.76	212.80	0.38	-148.93	0.37	2.97	0.02	9.59	0.03
Pal_8	280.377290	-19.828858	14.103	-6.801	11.32	0.63	4.09	-31.54	0.21	-1.987	0.027	-5.693	0.027	0.01	-2.72	0.61	2.74	0.15	-1.34	0.07	-54.27	0.44	-67.82	1.42	-29.26	1.43	1.16	0.38	4.13	0.58
NGC_6681	280.803162	-32.292110	2.853	-12.510	9.36	0.11	2.29	216.62	0.84	1.431	0.027	-4.744	0.026	0.01	-0.95	0.10	0.45	0.01	-2.03	0.02	-199.26	0.86	95.78	1.15	-180.91	1.16	0.81	0.04	4.97	0.16
NGC_6712	283.268021	-8.705960	25.354	-4.318	7.38	0.24	3.55	-107.45	0.29	3.362	0.027	-4.436	0.027	0.00	1.53	0.21	3.15	0.10	-0.56	0.02	61.03	0.49	123.48	0.86	-159.19	0.94	0.46	0.09	4.83	0.13
NGC_6715	283.763855	-30.479862	5.607	-14.087	26.28	0.33	18.51	143.13	0.43	-2.679	0.025	-1.387	0.025	0.02	-17.19	0.32	2.49	0.03	-6.40	0.08	-235.26	0.93	-18.49	3.11	202.79	3.06	14.66	0.39	46.30	2.23
NGC_6717	283.775177	-22.701473	12.876	-10.900	7.52	0.13	2.38	30.25	0.90	-3.125	0.027	-5.008	0.027	0.03	0.98	0.13	1.65	0.03	-1.42	0.02	-91.33	0.91	56.18	0.97	26.56	0.98	0.74	0.02	2.53	0.05
NGC_6723	284.888123	-36.632248	0.069	-17.299	8.27	0.10	2.47	-94.39	0.26	1.029	0.025	-2.418	0.025	0.02	0.28	0.09	0.01	0.00	-2.46	0.03	100.35	0.39	178.48	0.99	-33.45	0.95	2.07	0.07	2.82	0.04
NGC_6749	286.314056	1.899756	36.200	-2.205	7.59	0.21	4.94	-58.44	0.96	-2.830	0.028	-6.005	0.028	0.01	2.06	0.17	4.48	0.13	-0.29	0.01	-104.71	0.97	24.91	0.98	1.11	1.00	1.43	0.05	4.95	0.04
NGC_6752	287.717102	-59.984554	336.493	-25.628	4.12	0.04	5.30	-26.01	0.12	-3.161	0.023	-4.028	0.022	0.02	4.77	0.03	-1.48	0.01	-1.78	0.02	27.28	0.27	172.28	0.41	60.50	0.40	3.38	0.03	5.48	0.02
NGC_6760	287.800268	1.030466	36.108	-3.924	8.41	0.43	5.17	-2.37	1.27	-1.106	0.026	-3.616	0.026	0.02	1.40	0.35	4.95	0.25	-0.58	0.03	-95.12	1.19	129.92	1.12	-19.41	1.05	1.85	0.06	5.80	0.18
NGC_6779	289.148193	30.183472	62.659	8.336	10.43	0.14	9.91	-136.97	0.45	-2.018	0.025	1.618	0.026	-0.00	3.44	0.06	9.17	0.13	1.51	0.02	83.29	1.15	128.07	0.72	111.11	1.23	1.30	0.09	13.12	0.16
Ter_7	289.432983	-34.657722	3.387	-20.067	24.28	0.49	16.85	159.85	0.14	-3.002	0.029	-1.652	0.029	0.05	-14.59	0.46	1.35	0.03	-8.33	0.17	-267.85	1.16	-28.70	3.28	197.57	3.13	14.61	0.55	51.27	4.40
Pal_10	289.506933	18.578994	52.442	2.730	8.94	1.18	7.60	-31.70	0.23	-4.322	0.028	-7.173	0.029	0.02	2.73	0.72	7.08	0.94	0.43	0.06	-272.21	0.98	10.28	0.77	26.30	1.20	6.45	1.08	12.73	4.95
Arp_2	292.183807	-30.355639	8.545	-20.785	28.73	0.34	21.39	122.64	0.29	-2.331	0.031	-1.475	0.029	0.05	-18.38	0.32	3.99	0.05	-10.19	0.12	-249.14	1.64	-12.89	3.98	178.05	3.95	17.85	0.40	52.11	2.45
NGC_6809	294.998779	-30.964750	8.793	-23.272	5.35	0.05	4.01	174.70	0.17	-3.432	0.024	-9.311	0.024	-0.01	3.32	0.05	0.75	0.01	-2.11	0.02	-210.75	0.30	28.63	0.60	-55.64	0.56	1.60	0.01	5.62	0.04
Ter_8	295.435028	-33.999474	5.759	-24.559	27.54	0.42	20.43	148.43	0.17	-2.496	0.027	-1.581	0.026	-0.02	-16.74	0.38	2.51	0.04	-11.44	0.17	-278.27	1.49	-15.99	3.38	172.93	3.17	17.66	0.50	90.68	112.35
Pal_11	296.310000	-8.007222	31.805	-15.576	14.02	0.51	8.70	-67.64	0.76	-1.767	0.030	-4.971	0.028	0.03	-3.30	0.42	7.12	0.26	-3.77	0.14	-130.39	1.28	-83.85	1.67	-12.61	1.92	4.58	0.67	8.73	0.43
Sagittarius_II	298.164708	-22.065251	18.937	-22.893	66.53	1.56	59.54	-175.73	0.37	-0.804	0.044	-0.882	0.028	-0.29	-49.66	1.39	19.84	0.48	-25.82	0.62	-21.38	6.53	-114.60	8.79	200.09	12.16	59.44	1.66	273.73	206.77
NGC_6838	298.443726	18.779194	56.746	-4.564	4.00	0.05	6.86	-22.72	0.20	-3.416	0.024	-2.655	0.025	-0.00	5.99	0.03	3.34	0.04	-0.32	0.00	-63.85	0.40	193.43	0.30	38.99	0.46	4.81	0.02	7.12	0.01
NGC_6864	301.519784	-21.921164	20.304	-25.747	20.52	0.45	14.30	-189.08	1.12	-0.597	0.026	-2.810	0.026	0.02	-9.15	0.38	6.41	0.14	-8.91	0.20	69.76	1.67	-72.25	2.42	51.81	2.36	1.17	0.23	16.16	0.58
NGC_6934	308.547394	7.404472	52.103	-18.893	15.72	0.17	12.83	-406.22	0.73	-2.655	0.026	-4.689	0.026	0.02	-0.96	0.10	11.73	0.13	-5.09	0.06	-88.00	1.63	-301.89	1.40	122.11	1.85	3.95	2.88	42.26	1.67
NGC_6981	313.365417	-12.537306	35.162	-32.683	16.66	0.18	12.53	-331.39	1.47	-1.273	0.026	-3.361	0.026	0.01	-3.29	0.13	8.08	0.09	-9.00	0.10	61.65	1.79	-145.54	1.91	171.18	1.90	0.71	0.05	22.11	0.42
NGC_7006	315.372626	16.187323	63.770	-19.407	39.32	0.56	36.67	-383.47	0.73	-0.128	0.027	-0.633	0.027	-0.01	-8.21	0.23	33.27	0.47	-13.06	0.19	59.30	4.60	-135.76	2.74	85.06	4.84	2.07	0.41	50.73	0.83
Lae_3	316.729380	14.984400	63.598	-21.176	61.77	1.65	58.85	-70.30	0.82	0.171	0.101	-0.660	0.078	-0.01	-17.43	0.68	51.59	1.38	-22.31	0.60	-66.64	24.24	87.96	12.59	-114.22	25.33	11.73	4.62	500.00	0.00
NGC_7078	322.493042	12.167001	65.013	-27.313	10.71	0.10	10.76	-106.84	0.30	-0.659	0.024	-3.802	0.024	-0.00	4.16	0.04	8.62	0.08	-4.91	0.04	-106.45	1.14	53.96	0.76	-29.92	1.08	3.91	0.07	10.76	0.07
NGC_7089	323.362579	-0.823250	53.371	-35.770	11.69	0.11	10.54	-3.78	0.30	3.435	0.025	-2.160	0.025	-0.00	2.52	0.06	7.61	0.07	-6.83	0.07	73.31	1.21	147.41	1.05	-172.97	1.13	0.87	0.07	18.74	0.27
NGC_7099	325.092133	-23.179861	27.179	-46.835	8.46	0.09	7.36	-185.19	0.17	-0.737	0.025	-7.299	0.025	0.02	3.03	0.05	2.64	0.03	-6.17	0.06	1.72	0.79	-80.16	0.94	108.05	0.69	1.51	0.02	8.56	0.09
Pal_12	326.661804	-21.252611	30.510	-47.682	18.49	0.30	15.28	27.91	0.28	-3.220	0.029	-3.334	0.028	0.08	-2.55	0.17	6.32	0.10	-13.67	0.22	-327.58	2.07	16.93	2.31	108.99	1.72	15.29	0.26	51.03	3.64
Pal_13	346.685190	12.771539	87.103	-42.700	23.48	0.40	24.57	25.30	0.22	1.749	0.049	0.102	0.047	0.01	7.31	0.01	17.23	0.29	-15.92	0.27	161.59	5.35	215.52	3.59	-79.26	3.90	6.82	0.41	57.95	1.92
NGC_7492	347.111170	-15.611469	53.386	-63.478	24.39	0.57	23.57	-176.70	0.27	0.756	0.028	-2.320	0.027	0.02	1.68	0.15	8.74	0.21	-21.82	0.51	-3.36	3.09	-74.29	2.98	71.62	1.46	2.72	0.39	26.01	0.61
